0 0.6423357664233577 0.4959313037109375 1.2024525547445257 0.34477842773437506
0 0.47556204379562045 0.159584931640625 0.022423357664233597 0.011867089843750012
0 0.5021897810218978 0.170515498046875 0.02335766423357664 0.009994042968749978
0 0.5222773722627737 0.15458824462890625 0.02055474452554742 0.014365600585937499
0 0.9062773722627736 0.18737960937499998 0.17191240875912409 0.03872524414062503
0 1.0996788321167883 0.16801732177734374 0.011211678832116715 0.006245942382812508
0 1.1183649635036494 0.192376630859375 0.011211678832116715 0.008744453124999996
0 1.1548029197080292 0.6570778881835937 0.04858394160583938 0.0224852587890626
0 1.151065693430657 0.17363846923828125 0.014948905109489064 0.0049963525390624985
0 1.1674160583941606 0.24171970947265625 0.021489051094890386 0.007495532226562518
0 1.1692846715328469 0.1855058935546875 0.014014598540146018 0.0049970214843750305
0 1.212262773722628 0.19362588623046875 0.01588321167883211 0.006245942382812508
0 1.2131970802919707 0.25514878662109375 0.017751824817518202 0.006870737304687458
0 1.2183357664233576 0.19862223876953125 0.011211678832116715 0.006245942382812508
0 1.23421897810219 0.19674852294921874 0.013080291970802807 0.004996352539062526
0 1.3215766423357664 0.2133005712890625 0.1298686131386862 0.02560856445312501
0 1.3197080291970802 0.24359375976562497 0.015883211678832276 0.008744453125000023
0 1.3472700729927007 0.2929368383789063 0.013080291970802974 0.007495532226562462
0 1.3855766423357665 0.29980757568359373 0.020554744525547338 0.006245942382812508
