0 0.9225260000000001 0.369140625 0.14973999999999998 0.08789025
0 0.3255206666666667 0.64160175 0.15104133333333336 0.09375
0 0.44205733333333336 0.67529325 0.13150933333333334 0.09082049999999997
0 0.5286453333333333 0.640136625 0.125 0.10058624999999999
0 0.547526 0.546387 0.11328133333333334 0.09472650000000005
0 0.55013 0.7041015 0.084636 0.056640000000000024
0 0.636068 0.57421875 0.12630133333333338 0.06445349999999994
0 0.7128906666666667 0.7216796249999999 0.10026133333333338 0.054687749999999924
0 0.9309893333333333 0.249023625 0.13020799999999996 0.09960975
0 0.9791666666666666 0.220215 0.11458400000000009 0.06933599999999995
0 1.0052086666666666 0.332031375 0.14583333333333334 0.10937474999999997
0 1.03125 0.734374875 0.13541733333333342 0.02929724999999994
0 1.1490886666666666 0.7275389999999999 0.11848933333333338 0.042968999999999924
0 1.2356766666666668 0.6938478749999999 0.13281200000000007 0.10839824999999992
