0 0.047385500000000004 0.279412 0.032679 0.042483999999999966
0 0.06372549999999999 0.253268 0.045751 0.032680000000000015
0 0.0988565 0.4926475 0.116013 0.12581700000000007
0 0.088235 0.283497 0.039216 0.02777799999999997
0 0.18464049999999999 0.210784 0.032678999999999986 0.019608000000000014
0 0.348856 0.6919934999999999 0.318628 0.29901900000000003
0 0.2818625 0.4428105 0.171569 0.12745099999999998
0 0.22140500000000002 0.203431 0.03104599999999999 0.01797399999999999
0 0.3055555 0.8120915 0.05228700000000003 0.05882299999999996
0 0.376634 0.19035950000000001 0.18463999999999997 0.142157
0 0.48611150000000003 0.424837 0.35784299999999997 0.238562
0 0.6919934999999999 0.6135619999999999 0.341503 0.256536
0 0.6919935 0.283497 0.318627 0.21405200000000002
0 0.8823529999999999 0.4207515 0.16339800000000004 0.158497
