0 0.06351515151515151 0.338207138671875 0.09599999999999999 0.04501083984375004
0 0.03151515151515152 0.491994228515625 0.024242424242424242 0.013753652343749978
0 0.12024242424242425 0.492619423828125 0.10472727272727274 0.04876201171875005
0 0.1503030303030303 0.60577171875 0.08533333333333332 0.05376292968749996
0 0.19296969696969696 0.224429326171875 0.07563636363636361 0.047511621093749984
0 0.22012121212121213 0.526689990234375 0.08339393939393941 0.044385644531250046
0 0.27199999999999996 0.236932265625 0.09987878787878786 0.057514101562499975
0 0.2841212121212121 0.5119988671875 0.0349090909090909 0.036258750000000006
0 0.3335757575757576 0.508873212890625 0.07175757575757578 0.045010839843749983
0 0.33260606060606057 0.547320146484375 0.05818181818181819 0.03438380859375001
0 0.36266666666666664 0.188170576171875 0.05430303030303026 0.04251005859375004
0 0.4121212121212121 0.223804130859375 0.0775757575757576 0.04626123046874997
0 0.4334545454545454 0.180668876953125 0.08727272727272731 0.06001423828125002
0 0.5410909090909091 0.426665830078125 0.07757575757575765 0.04438564453124999
0 0.6181818181818182 0.41572587890625 0.06690909090909086 0.053762929687500016
0 0.6201212121212121 0.3138261328125 0.06690909090909095 0.04751097656250003
0 0.6967272727272728 0.35571099609375 0.04945454545454552 0.03625874999999995
0 0.7670303030303031 0.2588128125 0.07175757575757569 0.04251070312499999
0 0.7670303030303031 0.43635571289062497 0.05624242424242416 0.028757050781250015
0 0.7791515151515152 0.5144996484375 0.043636363636363654 0.020004960937500038
0 1.0516363636363635 0.5585730175781249 0.448969696969697 0.17066607421874996
0 1.152 0.289445126953125 0.06593939393939409 0.045010839843749983
0 1.3701818181818182 0.473239658203125 0.06787878787878798 0.03875888671875005
