0 1.0941666666666665 0.67125 0.27333333333333326 0.15749999999999997
0 0.11833333333333333 0.25531275 0.09666666666666668 0.058124999999999954
0 0.20833333333333334 0.27875025000000003 0.2066666666666667 0.09375
0 0.2233333333333333 0.189062625 0.18999999999999997 0.09437475000000001
0 0.29291666666666666 0.24718762500000002 0.1891666666666667 0.10062525
0 0.42291666666666666 0.139375125 0.17250000000000001 0.08499975000000001
0 0.7229166666666668 0.714062625 0.2775 0.07062525000000008
0 1.0979166666666667 0.064999875 0.16749999999999998 0.08750024999999999
0 1.1366666666666667 0.027187499999999996 0.20333333333333328 0.05437499999999999
0 1.2175 0.484375125 0.22999999999999998 0.11499975000000001
0 1.2391666666666667 0.2465625 0.18666666666666668 0.08937449999999997
0 1.2529166666666667 0.42218775 0.15916666666666668 0.133125
