0 0.2391469541015625 1.0156932153392333 0.115665873046875 0.18123893805309735
0 0.030323285156249997 0.8538053097345134 0.060646570312499995 0.1576401179941003
0 0.038763855468750004 1.2318584070796461 0.07752771093750001 0.25297935103244834
0 0.14974066992187499 0.5064306784660767 0.29948133984374997 0.16519174041297935
0 0.1975697958984375 0.6159292035398231 0.395139591796875 0.2501474926253687
0 0.10910105859375001 1.1426548672566372 0.16943511328125002 0.21427728613569316
0 0.071587927734375 0.8339823008849558 0.05314354687500001 0.09345132743362834
0 0.12035526269531252 0.7801769911504425 0.08565510351562501 0.1028908554572272
0 0.107225302734375 0.4526253687315634 0.03938888671875 0.046253687315634236
0 0.14348837109375 0.44082595870206487 0.039388886718750016 0.028318584070796526
0 0.1891292255859375 0.7386430678466076 0.07690201757812504 0.11421828908554572
0 0.2600921220703125 1.4725663716814161 0.14005003710937503 0.07362831858407073
0 0.2497757958984375 0.40070796460176994 0.04439112304687498 0.0405899705014749
0 0.3232394794921875 0.9463126843657818 0.10253624414062501 0.15197640117994096
0 0.36981854296875 1.3951622418879057 0.16068202734375003 0.22843657817109145
0 0.37294469238281247 0.631504424778761 0.07190044335937501 0.11138643067846614
0 0.45766191796875 1.2870796460176992 0.1387993125 0.2293805309734513
0 0.437967474609375 0.5852507374631268 0.06189663281250002 0.07929203539823007
0 0.537690416015625 0.7386430678466077 0.24758785546875 0.2784660766961653
0 0.480795357421875 0.552684365781711 0.0612716015625 0.07268436578171096
0 0.5108057958984376 1.1941002949852508 0.12129247851562497 0.17368731563421827
0 0.5148694921875 0.4394100294985251 0.04814197265625003 0.031150442477876114
0 0.5523829541015626 1.11905604719764 0.10941423632812508 0.17274336283185843
0 0.590208931640625 0.45498525073746315 0.05126845312500006 0.04153392330383485
0 0.629285302734375 0.9699115044247786 0.06439808203124997 0.1576401179941003
